E 0 2 41.3272

E 0 17216 37.5652

E 0 100297 134.548

E 2 0 41.3272

E 2 471 32.6252

E 2 47281 39.0342

E 3 13 96.8218

E 3 34757 96.4183

E 13 2608 4.99518

E 13 3 96.8218

E 13 16990 46.6633

E 14 16 19.274

E 14 66843 104.298

E 16 46649 49.0762

E 16 43402 210.763

E 17 19 40.5543

E 17 131927 58.929

E 17 247850 82.177

E 17 66695 108.845

E 19 17 40.5543

E 19 6300 32.9164

E 19 131810 43.8704

E 20 8808 101.33

E 20 49814 52.3654

E 20 37 195.3

E 20 25422 180.031

E 37 21153 156.823

E 37 93318 100.339

E 37 20 195.3

E 38 18666 40.265

E 38 43 124.879

E 38 220359 142.786

E 43 669 40.4145

E 43 134177 25.1606

E 43 38 124.879

E 44 166339 44.6677

E 44 44540 42.8949

E 44 58 105.746

E 58 5397 74.459

E 58 75982 58.7944

E 58 40574 153.157

E 59 54577 56.1225

E 59 69 220.489

E 69 109863 47.8833

E 69 59 220.489

E 69 164194 61.5025

E 70 55154 51.6354

E 70 72 30.047

E 70 16281 96.9389

E 72 70 30.047

E 72 72040 11.3665

E 72 132666 74.5182

E 73 76 19.8267

E 73 38397 157.745

E 76 73 19.8267

E 76 95572 49.7096

E 76 107499 57.2882

E 77 39258 61.2171

E 77 24967 50.1202

E 77 86 67.4811

E 86 103482 45.7128

E 86 24965 44.0594

E 86 77 67.4811

E 87 69442 55.88

E 87 97 74.7991

E 87 17990 87.8212

E 97 109755 34.6604

E 97 240913 76.3796

E 97 87 74.7991

E 98 53937 92.92

E 98 198496 72.5058

E 98 112 111.27

E 112 11683 50.425

E 112 198496 41.4191

E 112 98 111.27

E 113 54088 52.5479

E 113 115 124.144

E 115 113 124.144

E 116 60687 49.4686

E 116 13788 96.5858

E 116 132153 113.704

E 116 141 106.223

E 141 39406 41.2027

E 141 132154 56.0083

E 141 116 106.223

E 142 81969 36.7609

E 142 146 46.2406

E 142 29518 82.4264

E 146 92870 36.7835

E 146 29518 37.5299

E 146 208080 275.663

E 147 70938 76.0118

E 147 151 113.539

E 147 33303 155.664

E 151 118062 209.734

E 151 27096 32.2205

E 151 147 113.539

E 151 1453 215.235

E 151 27109 47.159

E 152 27923 40.5483

E 152 127954 44.7311

E 152 163 171.66

E 163 210780 80.4788

E 163 152 171.66

E 163 69872 174.193

E 164 239647 93.2206

E 164 170 40.4818

E 164 95489 259.891

E 170 164 40.4818

E 170 172440 29.8648

E 170 51466 137.321

E 171 174 55.1311

E 171 153073 121.797

E 171 101239 16.3847

E 174 25973 23.7208

E 174 171 55.1311

E 174 153073 237.631

E 175 11216 141.903

E 175 123841 12.6498

E 175 188 54.5547

E 188 62054 39.0761

E 188 27700 91.3377

E 188 175 54.5547

E 189 192 38.0735

E 189 190144 60.3714

E 189 3261 80.0548

E 192 97320 41.8485

E 192 171290 104.287

E 193 194 36.9541

E 193 93489 59.8334

E 193 42609 46.8019

E 193 165778 43.1776

E 194 193 36.9541

E 194 42182 45.7955

E 194 165778 69.8734

E 195 196 60.5381

E 195 10886 46.7271

E 195 85997 62.059

E 196 195 60.5381

E 196 44848 12.0585

E 196 85997 11.1372

E 196 36620 189.594

E 197 200 40.2437

E 197 44747 76.9797

E 200 7979 17.4199

E 200 197 40.2437

E 200 22355 71.1952

E 200 60391 141.019

E 201 72638 49.2722

E 201 213 74.3228

E 201 50078 43.5766

E 213 3479 29.2715

E 213 201 74.3228

E 213 113570 159.592

E 214 217 42.5772

E 214 11424 37.0281

E 214 137035 185.697

E 217 214 42.5772

E 217 148814 50.3122

E 217 13008 176.506

E 218 220 50.2926

E 218 21179 52.3271

E 218 241071 44.2535

E 218 3383 134.056

E 220 218 50.2926

E 220 49549 110.128

E 220 86476 34.9678

E 221 137354 39.6454

E 221 226 96.6038

E 221 39944 54.883

E 221 44399 48.8545

E 226 221 96.6038

E 226 38466 51.0489

E 226 97376 49.1996

E 227 232 81.0199

E 227 83015 48.3845

E 232 29651 58.0842

E 232 227 81.0199

E 232 167676 248.702

E 233 84042 132.25

E 233 115518 25.8047

E 233 239 90.014

E 239 58955 61.8281

E 239 75731 134.111

E 240 50155 76.9795

E 240 72071 72.3673

E 240 67019 64.4361

E 240 246 163.814

E 240 78565 114.598

E 246 131000 48.1731

E 246 43897 34.9474

E 246 82661 106.388

E 246 240 163.814

E 247 86911 72.8853

E 247 79429 100.966

E 247 254 85.4118

E 247 148140 209.502

E 247 65659 260.3

E 254 66294 62.4598

E 255 35247 113.339

E 255 48617 73.8211

E 255 269 234.93

E 255 20573 106.013

E 255 99378 187.704

E 269 78470 90.2645

E 269 67663 119.715

E 269 137360 187.609

E 269 255 234.93

E 270 273 42.0638

E 270 48828 20.2755

E 270 45921 94.4543

E 273 270 42.0638

E 273 20550 31.1052

E 273 34164 78.4768

E 273 65621 45.6096

E 274 277 36.2901

E 274 33722 112.628

E 274 44539 56.9831

E 277 274 36.2901

E 277 122866 33.4126

E 277 67213 72.9284

E 278 8177 49.3932

E 278 56417 50.0566

E 278 280 183.473

E 278 75580 53.7681

E 280 278 183.473

E 280 62244 34.9098

E 280 84649 56.8703

E 281 44204 37.4718

E 281 286 120.312

E 281 30293 161.085

E 286 281 120.312

E 286 44223 44.706

E 286 36323 267.52

E 287 70438 30.3828

E 287 290 67.5486

E 287 8820 63.5261

E 290 46397 38.7946

E 290 287 67.5486

E 290 8825 65.8484

E 291 293 46.2848

E 291 136098 58.1678

E 291 16380 47.0351

E 291 13967 74.3613

E 293 52963 40.7273

E 293 291 46.2848

E 293 45846 73.9276

E 294 30249 77.4077

E 294 63132 148.802

E 294 315 33.9896

E 294 165616 153.51

E 315 26741 38.7637

E 315 76668 39.0415

E 315 294 33.9896

E 316 318 36.115

E 316 39228 37.0758

E 316 21598 71.9223

E 318 316 36.115

E 319 59090 94.9643

E 319 185876 233.275

E 319 363 179.544

E 363 77872 117.811

E 363 319 179.544

E 363 122373 177.787

E 364 113547 48.1824

E 364 76464 55.3334

E 364 388 189.471

E 388 2760 42.9798

E 388 38017 41.3484

E 388 364 189.471

E 389 94515 35.0922

E 389 85268 56.9695

E 389 398 66.7959

E 398 389 66.7959

E 399 401 13.0499

E 399 48831 38.0786

E 401 186287 47.5456

E 401 85109 35.1021

E 401 165129 38.1929

E 402 413 48.8422

E 402 7073 87.2482

E 402 43414 100.549

E 402 93821 87.325

E 413 402 48.8422

E 413 85913 67.0522

E 413 111417 46.7646

E 414 426 44.2755

E 414 54301 257.882

E 414 122818 218.783

E 426 13655 46.9417

E 426 414 44.2755

E 426 69106 103.171

E 426 55071 87.6621

E 427 430 44.4874

E 427 20324 59.9259

E 427 53744 60.2978

E 427 115068 55.4587

E 430 427 44.4874

E 430 46334 42.5986

E 430 121241 119.492

E 431 434 41.6559

E 431 157011 68.4373

E 431 3981 134.557

E 431 119033 53.254

E 434 431 41.6559

E 434 107729 93.4774

E 434 157011 41.537

E 434 119033 34.6636

E 435 25246 33.8773

E 435 437 34.6184

E 435 6497 59.9288

E 437 435 34.6184

E 437 103872 48.1493

E 437 53768 51.6113

E 437 66865 46.1445

E 438 441 37.234

E 438 32904 44.0329

E 438 205849 43.1504

E 438 66151 82.5368

E 441 53902 31.7014

E 441 438 37.234

E 441 59494 84.2956

E 442 43169 47.2693

E 442 11060 43.8041

E 442 459 38.9139

E 442 164942 338.12

E 459 170797 82.5695

E 459 442 38.9139

E 459 43525 29.83

E 459 90897 84.1112

E 460 464 55.8269

E 460 56505 80.5192

E 460 76046 49.8351

E 460 16678 120.043

E 464 91662 14.0024

E 464 460 55.8269

E 464 101927 119.475

E 465 27072 56.5063

E 465 467 56.7181

E 465 46325 90.952

E 467 465 56.7181

E 467 94124 40.8453

E 467 5434 93.6145

E 467 2609 54.4175

E 468 471 37.3367

E 468 90426 38.783

E 468 47281 28.0469

E 468 63277 121.151

E 471 468 37.3367

E 471 10122 111.342

E 471 2 32.6252

E 472 89348 47.1618

E 472 475 99.6589

E 472 35995 89.6201

E 472 46355 45.9792

E 475 472 99.6589

E 475 9685 99.1908

E 475 15937 46.7114

E 475 85105 46.8038

E 476 478 59.0046

E 476 60108 83.4461

E 476 91762 105.506

E 476 91542 109.722

E 478 476 59.0046

E 478 2735 46.3995

E 478 22650 64.5722

E 478 22657 100.459

E 479 480 33.3322

E 479 481 163.563

E 479 179968 142.359

E 480 479 33.3322

E 480 50628 237.231

E 480 22534 229.552

E 481 479 163.563

E 481 487 91.2959

E 481 29099 75.6701

E 487 108748 103.634

E 487 481 91.2959

E 487 38597 53.6942

E 488 72871 49.1907

E 488 218159 10.4211

E 488 72873 46.9381

E 488 495 131.782

E 495 32458 52.5201

E 495 488 131.782

E 495 10860 91.0226

E 496 59364 38.1236

E 496 66147 39.2132

E 496 500 52.7864

E 500 496 52.7864

E 501 506 118.008

E 506 83966 9.33997

E 506 501 118.008

E 506 17660 57.4651

E 507 87159 49.6714

E 507 537 148.325

E 507 534 231.657

E 534 537 35.9163

E 534 507 231.657

E 537 534 35.9163

E 537 507 148.325

E 537 123786 47.204

E 538 543 93.8738

E 538 9633 115.8

E 538 188904 201.388

E 543 62845 136.483

E 543 25224 145.199

E 544 81115 136.612

E 544 73784 123.15

E 544 109164 89.3206

E 552 556 53.2351

E 552 108242 91.993

E 556 36945 54.8353

E 556 60481 92.596

E 557 150961 53.4054

E 557 562 125.155

E 562 39440 131.711

E 562 6326 42.7444

E 562 90574 45.8639

E 562 190245 163.197

E 563 61369 42.9583

E 563 5358 44.6407

E 563 101923 120.145

E 563 569 118.923

E 569 82559 43.4051

E 569 53839 119.243

E 569 115124 45.9617

E 569 563 118.923

E 570 573 37.9273

E 570 21828 121.171

E 570 22612 161.535

E 570 18583 78.3242

E 573 130042 12.213

E 573 570 37.9273

E 573 62054 250.49

E 574 586 55.1445

E 574 9313 149.319

E 574 166015 31.3102

E 586 79180 33.5001

E 586 141562 100.895

E 587 118970 45.5967

E 587 591 63.1776

E 587 103136 55.8137

E 591 205184 102.296

E 591 233295 46.53

E 591 587 63.1776

E 591 39715 119.486

E 592 119375 26.8093

E 592 596 106.57

E 596 16883 10.0297

E 596 105110 177.604

E 597 53462 40.7955

E 597 68047 39.8835

E 597 613 77.9177

E 613 8232 41.9656

E 613 132345 27.5042

E 614 23838 49.6319

E 614 621 152.503

E 614 132840 181.85

E 621 75317 28.2044

E 621 94433 18.565

E 621 614 152.503

E 622 624 74.7462

E 622 143734 46.0495

E 624 12140 167.614

E 624 23320 34.8256

E 624 16558 37.2985

E 625 627 9.99814

E 625 52310 45.1912

E 625 57840 28.8341

E 627 625 9.99814

E 627 44818 32.9484

E 627 6706 354.468

E 628 630 35.2997

E 628 33269 180.619

E 628 86976 56.9303

E 628 12948 49.1852

E 630 44152 10.502

E 630 628 35.2997

E 630 12948 52.5751

E 630 41601 135.6

E 631 74932 50.6967

E 631 116410 50.4249

E 631 31700 81.2974

E 631 639 121.444

E 639 631 121.444

E 639 173231 52.8334

E 639 72020 51.2134

E 640 644 66.5478

E 640 81082 46.0527

E 640 28078 98.9854

E 640 7074 60.9847

E 644 640 66.5478

E 644 7077 59.6802

E 644 201333 51.9758

E 645 647 23.0769

E 645 122319 36.2097

E 647 645 23.0769

E 647 228936 101.982

E 647 13296 113.503

E 648 650 46.6142

E 648 94140 46.73

E 648 84445 119.394

E 648 45479 134.326

E 650 648 46.6142

E 650 22658 67.4355

E 650 67758 59.4987

E 650 69505 56.1305

E 651 51449 109.695

E 651 662 152.313

E 662 74381 110.235

E 662 19635 69.5566

E 663 664 44.0534

E 663 70359 42.6796

E 663 21043 81.5965

E 664 3384 41.4665

E 664 80990 84.6281

E 665 668 108.021

E 665 20729 100.388

E 665 186199 101.051

E 668 88327 123.182

E 668 665 108.021

E 668 87159 263.002

E 668 20164 25.8901

E 669 43 40.4145

E 669 130791 47.3746

E 669 28895 124.225

E 669 43646 42.091

E 671 673 31.517

E 671 44864 161.274

E 671 236355 119.232

E 673 671 31.517

E 673 129727 75.0149

E 673 1527 87.9547

E 674 677 45.3271

E 674 19866 47.2809

E 674 11133 89.1623

E 674 3416 92.0854

E 677 97382 121.761

E 677 674 45.3271

E 677 65635 47.5789

E 678 684 40.3822

E 678 48408 128.471

E 684 24870 115.133

E 685 688 45.1417

E 685 28089 53.6027

E 685 3514 36.0254

E 685 112432 35.4651

E 688 685 45.1417

E 688 73846 46.3486

E 688 68916 76.2747

E 688 21352 76.2949

E 689 58238 52.4348

E 689 79467 74.5034

E 689 695 48.6167

E 695 16987 35.7028

E 695 59999 37.2382

E 695 140666 90.1942

E 696 698 40.9197

E 696 46478 122.122

E 698 46486 66.5025

E 698 133549 145.705

E 699 12476 44.9028

E 699 705 104.043

E 699 31053 55.2269

E 705 42178 44.7601

E 705 17707 44.8269

E 705 699 104.043

E 706 709 50.7574

E 706 38638 143.451

E 709 38640 143.414

E 709 75397 26.3039

E 710 10223 65.4604

E 710 31428 47.6019

E 710 717 129.092

E 710 62226 119.756

E 717 102200 22.8982

E 717 167096 41.5176

E 717 710 129.092

E 717 20453 173.97

E 718 721 42.8665

E 718 46190 41.0593

E 718 5857 96.3313

E 721 70873 64.8979

E 721 718 42.8665

E 721 185469 43.8466

E 722 724 31.6329

E 722 69072 98.6543

E 724 157827 77.1689

E 724 57129 48.9788

E 725 727 31.9088

E 725 117513 31.8195

E 725 73309 247.59

E 725 114344 147.056

E 727 725 31.9088

E 727 76136 38.4743

E 727 114344 176.843

E 728 127227 124.916

E 728 150532 125.386

E 728 737 151.384

E 737 249579 94.0911

E 737 4040 124.178

E 737 728 151.384

E 738 267443 54.7922

E 738 742 68.7385

E 738 78779 92.9261

E 738 15440 91.9275

E 742 45583 57.1791

E 742 738 68.7385

E 742 86422 92.1941

E 743 68254 105.851

E 743 770 151.355

E 743 21733 90.106

E 743 56898 78.4643

E 770 86807 101.806

E 770 65503 61.1394

E 770 3434 24.8874

E 770 743 151.355

E 771 11308 178.093

E 771 773 47.2424

E 771 38465 173.498

E 773 771 47.2424

E 773 68514 24.7516

E 773 90260 168.419

E 774 777 85.9344

E 774 83801 52.1107

E 774 115448 63.9808

E 777 29479 62.9432

E 777 774 85.9344

E 777 127838 102.06

E 778 780 49.3354

E 778 28435 50.5725

E 778 70814 116.067

E 780 778 49.3354

E 780 85263 46.943

E 780 85105 116.599

E 781 787 34.2176

E 781 53680 54.297

E 781 203374 52.9353

E 787 781 34.2176

E 788 792 38.535

E 788 95039 161.296

E 792 788 38.535

E 792 145984 30.2107

E 792 88057 161.341

E 793 91220 46.9314

E 793 796 48.1019

E 793 46439 76.0858

E 796 793 48.1019

E 796 73041 94.8363

E 796 39420 67.9095

E 797 800 54.3672

E 797 168708 49.5547

E 797 55947 85.5079

E 800 129962 85.8207

E 800 797 54.3672

E 801 807 146.286

E 801 203402 70.4649

E 801 90065 37.7076

E 807 10010 106.25

E 807 801 146.286

E 807 44294 110.089

E 808 814 156.334

E 814 91310 222.644

E 815 818 41.1805

E 815 40537 41.397

E 815 18109 65.7206

E 818 815 41.1805

E 818 31680 88.5771

E 818 53002 183.562

E 819 88697 33.5511

E 819 832 89.219

E 832 50421 57.6057

E 832 115771 41.8087

E 832 59146 115.837

E 833 883 42.1532

E 833 263236 49.8762

E 883 27814 47.2184

E 884 169039 37.5552

E 884 78104 89.6515

E 884 889 52.6933

E 889 126064 65.5748

E 889 84014 44.7376

E 890 57876 59.6445

E 890 33280 59.5995

E 890 899 262.908

E 899 61563 47.6103

E 899 119423 40.3051

E 899 890 262.908

E 900 901 75.9303

E 900 41823 44.8863

E 900 14621 49.0874

E 901 900 75.9303

E 901 125092 47.9149

E 901 22235 48.2778

E 901 20394 45.0144

E 902 905 44.8088

E 902 88001 125.851

E 902 123745 66.0884

E 902 9968 232.767

E 905 902 44.8088

E 905 106941 42.0202

E 905 110057 171.113

E 906 34887 44.9332

E 906 212330 175.005

E 906 921 71.0079

E 921 906 71.0079

E 921 6600 87.1174

E 921 34079 353.729

E 922 35355 54.9864

E 922 924 54.8169

E 922 146419 48.1898

E 924 74821 55.0859

E 924 922 54.8169

E 924 35517 62.9931

E 924 39184 201.063

E 925 4089 48.4759

E 925 930 49.0454

E 925 47862 114.981

E 925 206862 130.986

E 930 53753 57.8655

E 930 925 49.0454

E 930 93993 225.149

E 930 5738 64.6497

E 931 935 61.5297

E 931 14496 47.3993

E 931 174926 178.273

E 935 931 61.5297

E 935 51682 61.2694

E 935 14496 89.2265

E 936 49944 68.6019

E 936 963 180.276

E 936 23979 167.015

E 936 114075 191.303

E 936 92755 256.253

E 963 32394 110.673

E 963 33900 76.0212

E 963 936 180.276

E 964 31976 40.1841

E 964 968 40.5431

E 964 106864 72.9991

E 964 60395 83.1884

E 968 199024 32.9066

E 968 964 40.5431

E 968 110791 44.9143

E 968 201103 72.1187

E 969 59427 75.6057

E 969 262544 103.155

E 969 981 23.2158

E 981 82174 26.976

E 981 969 23.2158

E 981 30190 44.0251

E 982 1000 84.0229

E 982 70237 58.8988

E 982 51577 234.349

E 1000 121505 101.278

E 1000 982 84.0229

E 1000 81473 10.3425

E 1001 40575 38.5977

E 1001 11744 80.2339

E 1001 40578 45.971

E 1001 1018 93.9924

E 1018 90825 48.1326

E 1018 1001 93.9924

E 1018 11744 51.6989

E 1019 14425 137.861

E 1019 1022 48.88

E 1019 108900 225.913

E 1022 1019 48.88

E 1022 36922 127.046

E 1022 240743 56.821

E 1022 73714 159.839

E 1023 13673 100.154

E 1023 1030 151.962

E 1030 11256 87.0239

E 1030 60898 125.975

E 1031 167785 31.1537

E 1031 1034 98.1742

E 1031 54775 239.427

E 1031 53190 147.547

E 1034 61305 183.99

E 1034 68489 90.5547

E 1034 1031 98.1742

E 1034 61633 42.6345

E 1035 1043 134.919

E 1035 188904 327.167

E 1043 10722 46.4166

E 1043 176465 136.73

E 1044 1066 190.775

E 1044 89898 155.76

E 1044 103777 318.617

E 1066 36278 46.746

E 1066 1044 190.775

E 1066 62097 400.702

E 1067 1069 10.958

E 1067 145356 102.99

E 1069 38735 21.0848

E 1069 54625 53.9132

E 1069 88635 56.1865

E 1070 157619 17.5394

E 1070 173373 44.9821

E 1070 1074 97.624

E 1074 89673 57.7076

E 1074 1070 97.624

E 1074 73286 105.458

E 1074 10161 288.908

E 1075 1078 33.8253

E 1075 44930 34.7282

E 1075 21534 100.502

E 1078 1075 33.8253

E 1078 67582 33.8211

E 1078 15569 100.429

E 1079 266849 19.5122

E 1079 1082 46.6393

E 1082 12592 61.1606

E 1082 1079 46.6393

E 1082 12595 57.2452

E 1083 42154 44.6484

E 1083 54051 58.1934

E 1083 1087 111.734

E 1083 72271 57.9474

E 1087 1083 111.734

E 1088 9976 14.3754

E 1088 10897 83.0001

E 1088 1110 50.7331

E 1110 122773 57.6358

E 1110 1088 50.7331

E 1110 27683 229.385

E 1110 90285 282.957

E 1111 18006 17.5383

E 1111 1114 28.622

E 1111 78277 220.805

E 1114 1111 28.622

E 1114 10208 30.9249

E 1114 14228 221.066

E 1115 1119 83.9651

E 1115 18064 119.107

E 1115 17719 53.4985

E 1115 161316 135.902

E 1119 31634 41.2555

E 1119 1115 83.9651

E 1119 64599 39.7917

E 1120 1128 131.479

E 1120 34247 116.973

E 1120 8802 131.7

E 1120 2786 140.381

E 1128 1120 131.479

E 1128 5020 131.892

E 1128 10650 30.8511

E 1128 83832 50.5079

E 1129 1130 14.4318

E 1129 3186 33.4844

E 1129 31759 253.172

E 1130 1129 14.4318

E 1130 131975 194.08

E 1130 93412 229.197

E 1131 1134 56.4989

E 1131 193540 50.7379

E 1134 13714 17.56

E 1134 12757 94.6851

E 1135 72862 21.1435

E 1135 8697 20.3216

E 1135 1139 28.9415

E 1139 1135 28.9415

E 1139 8680 41.4165

E 1139 117142 167.397

E 1140 1150 34.8499

E 1140 16568 45.22

E 1140 189492 41.866

E 1150 48499 47.5154

E 1150 202443 40.6685

E 1150 1140 34.8499

E 1151 1169 46.0236

E 1169 282924 79.037

E 1169 125523 24.2448

E 1170 1177 229.122

E 1170 20689 73.5127

E 1170 58254 96.5424

E 1177 1170 229.122

E 1177 158093 144.69

E 1177 51682 211.041

E 1177 158085 264.877

E 1178 4244 42.0714

E 1178 1181 78.1123

E 1178 92032 43.733

E 1178 131006 47.0068

E 1181 4248 42.4632

E 1181 1178 78.1123

E 1181 69624 46.0754

E 1181 131038 43.3469

E 1182 5738 66.3036

E 1182 1185 225.341

E 1182 2695 59

E 1182 206862 48.9498

E 1185 166377 65.4218

E 1185 1182 225.341

E 1185 25401 48.8914

E 1185 2701 58.8006

E 1186 38685 37.6949

E 1186 67766 53.282

E 1186 1193 151.744

E 1193 57876 33.9448

E 1193 140342 31.9404

E 1193 1186 151.744

E 1194 1195 31.8133

E 1194 4540 46.6699

E 1194 57218 42.487

E 1195 1194 31.8133

E 1195 71259 46.9467

E 1195 17272 44.886

E 1196 1211 107.003

E 1211 81137 104.038

E 1211 72998 108.799

E 1211 1196 107.003

E 1211 249084 171.165

E 1212 1216 52.428

E 1212 56581 69.2607

E 1212 46104 35.9737

E 1212 111695 130.132

E 1216 10811 40.0809

E 1216 1212 52.428

E 1216 56574 57.6365

E 1217 1233 73.8905

E 1217 137813 108.98

E 1217 123015 151.327

E 1233 1217 73.8905

E 1233 142405 82.7032

E 1233 25183 52.7907

E 1234 1235 40.9245

E 1234 22188 41.8183

E 1234 123051 41.18

E 1234 74342 96.3471

E 1235 1234 40.9245

E 1235 19940 47.1402

E 1235 133451 179.062

E 1236 101239 81.0697

E 1236 112030 43.2346

E 1236 1243 56.6132

E 1243 1236 56.6132

E 1243 97223 59.432

E 1243 182646 69.9727

E 1244 170722 23.1124

E 1244 1248 43.3871

E 1244 4123 41.3742

E 1248 25775 35.2435

E 1248 1244 43.3871

E 1248 49494 107.337

E 1249 67191 29.7445

E 1249 1252 40.7155

E 1249 28128 41.7414

E 1252 35931 27.1228

E 1252 130911 24.0956

E 1252 1249 40.7155

E 1253 1264 101.24

E 1253 11676 100.611

E 1264 1253 101.24

E 1265 107050 61.7166

E 1265 1282 34.0983

E 1282 162054 38.3601

E 1282 24145 29.3629

E 1283 3157 158.016

E 1283 1287 88.5196

E 1283 97260 269.156

E 1287 95738 73.3714

E 1287 1283 88.5196

E 1287 87577 110.422

E 1287 114438 110.791

E 1288 51315 66.0374

E 1288 8125 35.2192

E 1288 1321 134.882

E 1321 1288 134.882

E 1322 52093 43.0272

E 1322 1327 152.934

E 1322 127303 40.528

E 1322 111858 65.5652

E 1327 11190 43.5434

E 1327 1322 152.934

E 1327 175324 39.5904

E 1328 30651 80.973

E 1328 170797 34.2141

E 1328 9162 40.6057

E 1328 1335 125.98

E 1335 67613 74.4873

E 1335 59694 79.0324

E 1335 1328 125.98

E 1336 1338 32.0002

E 1336 88485 87.1663

E 1338 1336 32.0002

E 1338 135949 36.9866

E 1338 82682 102.264

E 1338 1678 87.8047

E 1339 113766 33.2608

E 1339 48843 35.0611

E 1339 1347 209.159

E 1347 48836 42.829

E 1347 90628 26.606

E 1347 1339 209.159

E 1347 49636 144.746

E 1348 1350 20.985

E 1348 67464 59.0695

E 1348 126495 113.064

E 1350 66672 18.9917

E 1350 1348 20.985

E 1350 181073 113.523

E 1351 1353 26.6622

E 1351 74821 55.24

E 1351 68925 63.7765

E 1353 1351 26.6622

E 1353 20866 155.969

E 1353 33888 28.1289

E 1354 1356 49.053

E 1354 78179 119.627

E 1354 78957 131.44

E 1356 1354 49.053

E 1356 1927 173.325

E 1356 96472 100.312

E 1357 1359 59.3994

E 1357 96488 98.1955

E 1357 25758 59.0115

E 1357 126102 62.8651

E 1359 1357 59.3994

E 1359 57598 59.201

E 1359 45873 144.035

E 1360 33482 20.4713

E 1360 1364 50.8452

E 1360 11872 122.179

E 1364 1360 50.8452

E 1364 9058 202.779

E 1364 99938 47.3934

E 1365 65156 121.551

E 1365 96901 106.043

E 1365 1419 169.572

E 1419 64304 178.922

E 1419 1365 169.572

E 1419 123654 102.669

E 1420 1423 74.201

E 1420 66111 51.3273

E 1420 79573 38.3082

E 1423 1420 74.201

E 1423 30494 61.9505

E 1423 91471 26.3338

E 1424 27186 51.4105

E 1424 130034 51.8004

E 1424 14490 119.838

E 1424 1442 119.087

E 1442 13210 16.8445

E 1442 61238 49.0878

E 1442 1424 119.087

E 1443 1446 60.8885

E 1443 5900 52.8198

E 1443 66064 44.9013

E 1446 1443 60.8885

E 1446 5904 49.9905

E 1446 61787 45.2267

E 1447 112829 16.5907

E 1447 1453 82.9395

E 1453 1454 15.8344

E 1453 120122 33.0642

E 1454 23258 176.196

E 1454 267080 227.739

E 1455 1459 54.3955

E 1455 141297 33.1183

E 1455 105886 40.9471

E 1455 169966 154.387

E 1459 76463 40.3852

E 1459 1455 54.3955

E 1459 56564 33.5207

E 1460 16385 48.5052

E 1460 31681 45.6807

E 1460 1465 119.435

E 1460 1954 129.963

E 1465 4152 48.8224

E 1465 1460 119.435

E 1465 56497 79.5781

E 1466 49900 42.4069

E 1466 12691 46.0749

E 1466 1471 124.097

E 1466 243046 124.459

E 1471 1466 124.097

E 1471 23845 58.0851

E 1471 52248 118.902

E 1472 1480 68.0953

E 1472 123898 36.9579

E 1480 44157 129.189

E 1480 17259 93.513

E 1480 30726 59.592

E 1480 18131 208.938

E 1481 89502 37.0705

E 1481 145890 49.4423

E 1481 1485 147.765

E 1481 53122 101.594

E 1485 87034 35.0395

E 1485 7995 47.7583

E 1485 1481 147.765

E 1485 148331 145.121

E 1486 243185 46.5685

E 1486 18064 135.794

E 1486 1494 118.715

E 1486 161316 118.925

E 1494 74577 42.1002

E 1494 83218 47.053

E 1494 1486 118.715

E 1494 93540 88.0783

E 1495 45264 45.9838

E 1495 147485 45.376

E 1495 1504 220.522

E 1504 73233 44.0887

E 1504 154878 43.9862

E 1504 11360 167.927

E 1504 1495 220.522

E 1505 46400 41.1212

E 1505 1511 98.418

E 1505 37486 172.808

E 1511 212460 39.3868

E 1511 121504 42.0271

E 1511 1505 98.418

E 1511 38302 128.9

E 1511 135879 178.777

E 1512 1514 38.3056

E 1512 124806 45.6766

E 1512 73358 125.072

E 1512 3417 118.31

E 1514 1512 38.3056

E 1514 72876 45.1846

E 1514 58646 80.7968

E 1527 673 87.9547

E 1527 41416 204.938

E 1527 16604 170.071

E 1528 277906 105.469

E 1528 70391 207.701

E 1528 38673 130.955

E 1553 16990 35.0841

E 1553 1558 92.235

E 1558 3934 38.9709

E 1558 8791 42.6794

E 1558 1553 92.235

E 1558 28287 79.141

E 1559 1563 62.9135

E 1559 93397 39.9189

E 1559 39672 59.8835

E 1563 139701 22.7506

E 1563 1559 62.9135

E 1563 86472 58.333

E 1564 1565 63.8853

E 1564 44666 71.2765

E 1565 155144 58.4249

E 1565 118335 26.5969

E 1565 64456 64.1725

E 1566 1567 97.2706

E 1566 27297 16.3158

E 1566 33430 132.806

E 1566 55366 137.992

E 1567 1566 97.2706

E 1567 119626 216.277

E 1567 70255 72.9696

E 1567 58772 100.472

E 1567 6737 137.234

E 1567 71066 101.152

E 1568 1573 105.553

E 1568 179402 81.4381

E 1568 36985 116.559

E 1568 52760 185.622

E 1573 14810 37.5623

E 1573 1568 105.553

E 1573 148536 56.6448

E 1574 1575 22.7628

E 1574 174323 63.1627

E 1574 39795 55.4443

E 1575 1574 22.7628

E 1575 106573 23.1421

E 1575 174323 210.083

E 1576 34193 35.3881

E 1576 113048 35.3267

E 1576 1584 102.443

E 1584 113051 38.4135

E 1584 89674 33.4225

E 1585 69874 57.2536

E 1585 1590 116.588

E 1585 70230 80.2789

E 1590 1585 116.588

E 1590 28077 118.977

E 1590 40265 57.0367

E 1590 97792 51.9286

E 1591 76256 22.1179

E 1591 1600 72.9576

E 1591 58934 25.6367

E 1600 58934 54.7191

E 1600 188618 48.5671

E 1600 6120 179.152

E 1600 1825 37.1944

E 1600 90606 84.8882

E 1601 1607 34.9106

E 1601 69825 47.43

E 1601 12312 43.0412

E 1607 1601 34.9106

E 1607 43395 42.8853

E 1607 21096 42.0917

E 1608 71222 57.5869

E 1608 1615 148.993

E 1608 38116 59.1706

E 1615 17406 14.9638

E 1615 105980 58.0309

E 1615 1608 148.993

E 1616 1618 49.4148

E 1616 134121 88.6807

E 1618 1616 49.4148

E 1618 110909 16.7167

E 1618 54619 77.5153

E 1619 1621 99.0524

E 1619 54662 11.443

E 1619 90593 149.844

E 1619 209515 67.4629

E 1621 1619 99.0524

E 1622 1628 16.8648

E 1622 222818 61.9657

E 1622 21946 38.7728

E 1628 21946 19.9349

E 1628 35783 19.6284

E 1628 1622 16.8648

E 1629 1632 55.9433

E 1629 33146 61.4918

E 1629 60018 164.636

E 1632 95463 55.7122

E 1632 159408 164.572

E 1632 91232 53.278

E 1632 1629 55.9433

E 1633 1634 15.4449

E 1633 9264 60.5859

E 1633 29062 115.025

E 1634 1633 15.4449

E 1635 1638 53.119

E 1635 150058 78.6602

E 1635 148838 41.7241

E 1638 1635 53.119

E 1639 1640 39.0784

E 1639 100140 45.7001

E 1639 118970 57.2103

E 1640 1639 39.0784

E 1641 1642 36.1397

E 1641 65943 37.4259

E 1641 31696 131.184

E 1642 1641 36.1397

E 1642 42516 132.683

E 1642 42534 140.589

E 1643 1647 59.4899

E 1643 13721 91.0521

E 1643 58954 51.2433

E 1643 49028 92.1266

E 1647 32642 76.0625

E 1647 1643 59.4899

E 1647 177458 46.0499

E 1648 2975 26.4709

E 1648 24226 90.5906

E 1648 1669 70.4017

E 1669 13071 44.1213

E 1669 24226 45.7016

E 1669 1648 70.4017

E 1678 91861 38.5074

E 1678 88485 33.9373

E 1678 1338 87.8047

E 1678 17791 126.418

E 1679 36297 12.7982

E 1679 53493 36.8142

E 1679 1684 136.437

E 1684 1679 136.437

E 1684 20667 55.7616

E 1684 53493 157.64

E 1685 1688 55.8437

E 1685 17327 111.475

E 1688 106017 73.9205

E 1688 101319 18.3947

E 1689 1691 87.3707

E 1689 31526 88.5303

E 1689 59174 86.9086

E 1691 123779 28.6583

E 1691 1689 87.3707

E 1691 37298 27.0705

E 1691 76008 37.6061

E 1692 1693 34.3636

E 1692 36357 34.3009

E 1692 41321 48.8835

E 1692 87853 47.6983

E 1693 1692 34.3636

E 1693 56820 10.2354

E 1693 225380 9.36152

E 1694 1702 53.5756

E 1694 239090 65.4218

E 1694 72627 70.4799

E 1702 237716 50.3487

E 1702 1694 53.5756

E 1702 98530 89.3551

E 1703 1715 52.0694

E 1703 15971 52.3195

E 1703 120401 147.868

E 1715 24653 82.1529

E 1715 271111 182.963

E 1716 74323 45.0522

E 1716 1724 120.2

E 1716 68896 119.185

E 1724 247409 34.1698

E 1724 1716 120.2

E 1724 44246 83.3076

E 1725 98040 61.2948

E 1725 39355 44.9617

E 1725 62226 162.931

E 1732 118511 88.3143

E 1732 1739 76.9226

E 1732 49939 159.67

E 1739 1732 76.9226

E 1739 9880 48.5082

E 1739 113389 313.932

E 1740 1744 39.2092

E 1740 21763 73.737

E 1740 44781 64.3068

E 1744 1740 39.2092

E 1744 54507 51.4947

E 1744 36715 35.7542

E 1744 9892 43.4436

E 1745 58919 40.5453

E 1745 1758 136.269

E 1745 19448 50.3951

E 1758 73916 21.8099

E 1758 1745 136.269

E 1758 64549 43.1417

E 1759 1762 60.7971

E 1759 2813 39.375

E 1762 1759 60.7971

E 1762 13828 31.42

E 1762 35144 60.1705

E 1763 1765 57.8961

E 1763 28022 56.639

E 1763 34482 214.723

E 1765 120932 15.0616

E 1765 1763 57.8961

E 1765 51636 46.3902

E 1766 1777 104.527

E 1766 16533 92.1671

E 1766 56223 165.096

E 1777 17449 39.1506

E 1777 64242 57.4593

E 1777 1766 104.527

E 1778 84382 20.3857

E 1778 14811 47.2755

E 1778 1780 36.1449

E 1780 1778 36.1449

E 1780 136534 28.2512

E 1781 22100 118.597

E 1781 74151 39.2578

E 1781 1785 80.689

E 1781 32596 45.1635

E 1785 2659 44.9632

E 1785 1781 80.689

E 1785 74165 46.31

E 1786 1793 103.449

E 1786 88351 173.3

E 1793 25445 93.8148

E 1793 1786 103.449

E 1793 164270 129.881

E 1794 9270 127.425

E 1794 41210 84.8712

E 1794 1813 57.8777

E 1813 1794 57.8777

E 1814 1820 114.176

E 1814 43603 27.1446

E 1814 115771 59.954

E 1820 1814 114.176

E 1820 64499 44.2239

E 1820 11634 33.8071

E 1821 1823 13.2684

E 1821 53255 164.001

E 1821 58205 143.256

E 1821 76263 55.5324

E 1823 1821 13.2684

E 1823 1825 13.3717

E 1823 95525 49.433

E 1823 13346 163.885

E 1825 1823 13.3717

E 1825 1600 37.1944

E 1825 52273 163.786

E 1826 1829 102.252

E 1826 52551 45.9343

E 1829 1826 102.252

E 1829 31295 49.0231

E 1829 24190 43.2099

E 1830 1831 13.2576

E 1830 19845 117.281

E 1830 5856 56.393

E 1831 1830 13.2576

E 1831 52469 40.028

E 1831 54562 120.703

E 1832 1833 32.6237

E 1832 22798 24.9057

E 1832 155734 77.2697

E 1833 1832 32.6237

E 1833 3649 53.3692

E 1833 45773 54.2156

E 1834 1845 63.7298

E 1834 56724 62.201

E 1834 87925 208.804

E 1845 5292 15.8015

E 1845 219189 68.0761

E 1845 1834 63.7298

E 1846 1848 39.1076

E 1846 17771 43.2961

E 1846 154130 65.6062

E 1848 1846 39.1076

E 1848 88436 65.5141

E 1848 88783 42.276

E 1849 69953 47.6995

E 1849 1855 111.501

E 1849 40133 46.0406

E 1855 92870 45.7277

E 1855 62256 57.8415

E 1855 47130 45.9313

E 1856 13235 17.0178

E 1856 1859 22.0596

E 1856 65061 51.0023

E 1856 65068 65.9516

E 1859 65040 18.647

E 1859 1856 22.0596

E 1859 230605 19.3245

E 1859 19679 52.9032

E 1860 40326 46.2772

E 1860 1863 46.4842

E 1860 136128 83.5937

E 1860 69624 91.5959

E 1863 10717 43.8588

E 1863 95994 74.0835

E 1863 1860 46.4842

E 1863 46253 48.3048

E 1864 1867 53.7792

E 1864 38865 32.7824

E 1867 1864 53.7792

E 1867 31653 68.1605

E 1867 61217 211.535

E 1868 11958 40.2959

E 1868 79583 38.6762

E 1868 28908 63.741

E 1868 1875 137.294

E 1875 181392 34.3881

E 1875 1868 137.294

E 1875 115802 77.9796

E 1876 1881 43.9544

E 1876 34960 35.4882

E 1876 107050 36.6604

E 1881 2308 13.0236

E 1881 1876 43.9544

E 1882 31152 201.371

E 1882 1917 236.003

E 1882 59811 896.928

E 1917 88002 56.732

E 1917 77195 588.628

E 1918 45722 17.6687

E 1918 1922 43.5045

E 1918 183912 29.0439

E 1922 265241 61.0454

E 1922 11680 63.3872

E 1922 107935 77.6699

E 1922 1918 43.5045

E 1923 1926 68.5044

E 1923 63219 20.6081

E 1923 5369 26.1268

E 1923 264412 37.1702

E 1926 1923 68.5044

E 1926 128231 64.9351

E 1926 89761 136.01

E 1927 37039 34.9683

E 1927 1931 67.3322

E 1927 1356 173.325

E 1931 32112 33.2932

E 1931 37032 48.0973

E 1932 1937 32.8434

E 1932 5712 45.6781

E 1932 29655 72.6243

E 1937 197326 61.6587

E 1937 65502 33.3215

E 1937 99701 46.5651

E 1938 1942 102.717

E 1938 239780 101.288

E 1938 201423 71.0406

E 1942 52537 39.2962

E 1942 1938 102.717

E 1942 113946 43.8341

E 1943 84482 12.9957

E 1943 20181 41.4463

E 1943 1950 128.07

E 1950 131935 41.3252

E 1950 58709 39.598

E 1950 1943 128.07

E 1950 87979 138.919

E 1951 161502 46.7879

E 1951 53491 65.1442

E 1951 1954 46.3952

E 1951 47689 82.1853

E 1954 37330 42.6609

E 1954 1951 46.3952

E 1954 11340 116.634

E 1954 1460 129.963

E 1955 93140 39.9476

E 1955 1959 44.051

E 1955 52323 51.7549

E 1955 95232 139.503

E 1959 94702 36.9954

E 1959 1955 44.051

E 1959 8549 54.7134

E 1960 4301 0.86875

E 1960 2030 210.359

E 2030 2125 42.3163

E 2030 3241 43.3065

E 2031 68059 39.2986

E 2031 105085 44.3578

E 2031 2035 39.8834

E 2035 120201 34.6395

E 2035 9938 40.766

E 2035 2031 39.8834

E 2035 263118 38.0337

E 2036 9451 51.737

E 2036 14163 191.228

E 2036 2053 210.978

E 2053 5311 73.6704

E 2053 117512 44.0632

E 2053 2036 210.978

E 2054 6410 51.8031

E 2054 2058 124.4

E 2054 14168 57.7454

E 2054 37926 60.1944

E 2058 95064 61.2374

E 2058 6414 51.1583

E 2058 2054 124.4

E 2058 62139 72.2403

E 2059 2060 33.2497

E 2059 32378 47.6868

E 2059 29195 19.6605

E 2059 65770 57.187

E 2060 2059 33.2497

E 2060 60106 17.1329

E 2060 147050 16.9794

E 2061 17818 82.839

E 2061 3715 97.2214

E 2061 2074 120.813

E 2074 21174 42.6661

E 2074 31346 45.0298

E 2074 2765 121.143

E 2074 2061 120.813

E 2075 46782 50.4593

E 2075 21753 43.0747

E 2075 59863 80.3651

E 2075 2090 80.9264

E 2075 46836 193.646

E 2090 51919 17.8863

E 2090 2075 80.9264

E 2090 56688 99.2936

E 2090 94229 438.313

E 2091 26011 161.833

E 2091 95326 154.243

E 2091 2096 90.3744

E 2091 58588 119.79

E 2096 18136 63.8951

E 2096 2091 90.3744

E 2096 13425 146.022

E 2097 72270 28.6191

E 2097 2100 45.7485

E 2097 29517 120.933

E 2100 11793 47.3557

E 2100 2097 45.7485

E 2100 110649 46.4537

E 2101 21738 72.698

E 2101 2106 119.295

E 2101 2833 42.0137

E 2101 53212 268.219

E 2106 2101 119.295

E 2106 8674 41.0461

E 2106 161149 43.2573

E 2106 36636 118.506

E 2107 2109 52.0869

E 2107 231999 71.0322

E 2107 57830 246.503

E 2109 2107 52.0869

E 2109 250784 46.2698

E 2109 114181 32.2576

E 2109 125824 98.2362

E 2110 70451 11.4233

E 2110 2112 40.7518

E 2110 32364 82.5508

E 2112 2110 40.7518

E 2112 85912 43.7751

E 2112 100674 44.5515

E 2112 54608 171.182

E 2113 167278 46.6186

E 2113 11768 43.8774

E 2113 2117 46.4898

E 2113 53185 90.7848

E 2117 36546 64.5246

E 2117 39526 47.1736

E 2117 2113 46.4898

E 2118 2122 80.5946

E 2118 38744 70.9348

E 2118 32609 60.1469

E 2122 25027 41.9344

E 2122 2118 80.5946

E 2122 29834 196.461

E 2122 8716 167.058

E 2123 5395 180.418

E 2123 2125 302.674

E 2123 17748 151.255

E 2125 2126 71.5609

E 2125 2030 42.3163

E 2125 2123 302.674

E 2125 8670 71.9078

E 2125 35760 155.536

E 2126 2125 71.5609

E 2126 8670 1.5961

E 2126 54818 68.7344

E 2127 2128 9.08656

E 2127 30113 45.6358

E 2127 3871 64.401

E 2128 2127 9.08656

E 2128 67462 50.9367

E 2128 62817 166.895

E 2129 2130 16.0171

E 2130 2129 16.0171

E 2130 32235 93.3262

E 2130 34742 71.887

E 2131 2132 118.461

E 2131 9698 118.131

E 2131 163683 67.5055

E 2131 107376 53.6435

E 2132 2131 118.461

E 2132 126102 118.326

E 2132 25762 64.9765

E 2132 36683 69.7279

E 2133 2137 78.6181

E 2133 174153 77.8023

E 2133 97317 40.4208

E 2133 111913 187.441

E 2137 2133 78.6181

E 2137 78146 46.1284

E 2137 206579 80.1979

E 2138 52723 75.7145

E 2138 93944 51.8391

E 2138 2146 30.8348

E 2146 2138 30.8348

E 2146 108548 41.8466

E 2146 19424 50.2189

E 2147 2150 15.0623

E 2150 2155 49.3279

E 2150 61094 14.033

E 2155 61102 19.3567

E 2155 2169 170.593

E 2169 36364 125.301

E 2170 2176 114.902

E 2176 147122 19.435

E 2176 2170 114.902

E 2176 83943 28.6636

E 2177 264507 56.5769

E 2177 29167 50.4166

E 2177 2190 256.919

E 2190 64569 67.5622

E 2191 223114 43.2166

E 2191 13939 48.1383

E 2191 162939 48.9551

E 2191 2199 100.03

E 2199 162939 52.4614

E 2199 35373 35.1761

E 2199 2191 100.03

E 2200 243104 11.3403

E 2200 117875 113.43

E 2200 2219 155.488

E 2219 130095 21.1895

E 2219 243104 53.1239

E 2219 2200 155.488

E 2220 2222 41.3513

E 2220 164886 55.1094

E 2220 89266 119.912

E 2222 2220 41.3513

E 2222 84103 78.2909

E 2222 31645 64.7536

E 2223 52627 39.8157

E 2223 2227 41.0413

E 2223 66918 174.098

E 2223 68598 78.8627

E 2227 2223 41.0413

E 2227 143306 42.1305

E 2227 172072 174.1

E 2228 2244 69.1939

E 2228 90045 101.491

E 2228 101083 67.5498

E 2244 2228 69.1939

E 2245 24594 46.512

E 2245 2250 67.5594

E 2245 41753 42.8058

E 2245 154491 113.925

E 2250 18539 33.3265

E 2250 2245 67.5594

E 2250 3532 42.646

E 2251 2252 29.7208

E 2251 134510 51.3741

E 2251 16547 83.1287

E 2252 2251 29.7208

E 2252 15064 32.3363

E 2252 17413 161.887

E 2253 2255 16.9166

E 2253 66058 104.481

E 2253 89933 68.5905

E 2255 2253 16.9166

E 2255 90503 117.813

E 2255 44182 48.0338

E 2255 16900 57.5861

E 2256 30489 38.4667

E 2256 2260 59.7798

E 2256 79730 93.2792

E 2260 2256 59.7798

E 2260 31468 121.96

E 2260 65305 124.835

E 2261 51697 22.6143

E 2261 60173 43.2792

E 2261 2267 33.4991

E 2267 2261 33.4991

E 2267 17134 108.223

E 2267 22229 57.7412

E 2267 155461 40.2277

E 2268 141175 14.3557

E 2268 2307 196.072

E 2307 10316 41.326

E 2307 10722 51.2201

E 2308 2309 23.4005

E 2308 1881 13.0236

E 2308 7118 205.773

E 2309 2308 23.4005

E 2309 59011 43.5766

E 2309 22058 153.299

E 2310 2313 45.7993

E 2310 54779 40.0243

E 2310 33952 74.9038

E 2313 2310 45.7993

E 2313 41436 167.808

E 2313 137285 39.8163

E 2313 3684 174.266

E 2314 2317 42.7219

E 2314 137778 120.489

E 2317 47997 50.3249

E 2317 54470 62.3151

E 2317 33748 70.6026

E 2318 2321 50.6131

E 2318 63237 55.3744

E 2318 6538 98.3452

E 2321 63233 56.5497

E 2321 2318 50.6131

E 2321 106416 52.0701

E 2321 74878 38.5613

E 2346 2348 59.5935

E 2346 8072 30.907

E 2346 91092 177.855

E 2346 50661 270.359

E 2348 2346 59.5935

E 2348 31821 86.4266

E 2348 49092 216.754

E 2348 1447 142.114

E 2349 11634 90.8831

E 2349 2355 137.076

E 2349 79806 67.1865

E 2355 92982 64.3225

E 2355 74990 48.9741

E 2355 121289 92.325

E 2356 31652 74.5209

E 2356 119027 120.298

E 2356 2450 1247.71

E 2450 6474 39.9215

E 2450 66845 188.377

E 2450 29038 189.405

E 2451 120223 33.273

E 2451 2646 41.5664

E 2451 33758 52.9276

E 2451 2458 210.398

E 2458 120230 35.1292

E 2458 20468 40.111

E 2458 171742 121.529

E 2458 2451 210.398

E 2459 65814 61.1646

E 2459 2482 103.619

E 2459 74002 303.748

E 2482 177208 150.629

E 2482 2459 103.619

E 2482 58807 292.794

E 2483 2485 32.0042

E 2483 18002 42.4241

E 2483 40340 46.9509

E 2483 93473 47.3529

E 2485 2483 32.0042

E 2485 75078 40.4694

E 2485 93473 68.7966

E 2486 51864 54.4582

E 2486 2495 213.573

E 2486 8767 334.558

E 2495 123710 76.8089

E 2495 51848 54.8172

E 2495 2486 213.573

E 2496 147503 56.4693

E 2496 59999 37.803

E 2496 2502 76.5695

E 2502 25465 41.0886

E 2502 2496 76.5695

E 2502 71232 27.5971

E 2503 2513 100.19

E 2513 85872 86.7744

E 2513 2503 100.19

E 2513 52009 162.011

E 2514 147518 47.8844

E 2514 2518 112.804

E 2514 116236 46.1798

E 2518 122680 46.1139

E 2518 74350 41.3358

E 2518 2514 112.804

E 2519 2521 32.0621

E 2519 159737 95.4938

E 2519 39853 75.9288

E 2519 129081 144.57

E 2521 2519 32.0621

E 2521 185773 55.0635

E 2521 9425 56.3066

E 2522 88126 46.5107

E 2522 2524 48.8866

E 2522 144119 46.0678

E 2522 97736 160.08

E 2524 2522 48.8866

E 2524 256015 62.506

E 2524 51945 48.0544

E 2525 7547 5.66157

E 2525 2529 69.6407

E 2525 33440 156.822

E 2529 2525 69.6407

E 2529 7506 29.3947

E 2529 56717 158.6

E 2530 8275 60.9435

E 2530 2552 123.149

E 2530 26772 172.094

E 2552 2530 123.149

E 2553 112613 37.4222

E 2553 2560 117.123

E 2553 3032 123

E 2560 54399 9.26153

E 2560 135799 75.2539

E 2560 147485 51.9707

E 2560 2553 117.123

E 2561 17306 58.9856

E 2561 2566 59.8797

E 2561 26803 76.651

E 2561 54394 140.981

E 2566 8567 32.9874

E 2566 2561 59.8797

E 2566 54811 42.8099

E 2575 106087 46.4731

E 2575 18666 47.235

E 2575 28885 243.685

E 2575 75008 148.082

E 2576 36651 57.1847

E 2576 59311 83.0741

E 2576 66204 82.1301

E 2576 2583 119.981

E 2583 139179 50.2998

E 2583 2576 119.981

E 2583 12125 86.4205

E 2584 57998 39.5988

E 2584 116428 44.296

E 2584 2596 150.997

E 2596 93332 21.179

E 2596 2584 150.997

E 2596 86207 55.3085

E 2597 20921 48.4653

E 2597 11568 45.827

E 2597 2608 95.6782

E 2608 13 4.99518

E 2608 20921 48.852

E 2608 2597 95.6782

E 2609 43074 49.2284

E 2609 467 54.4175

E 2609 5438 96.4194

E 2614 35366 61.7585

E 2614 2622 62.5287

E 2622 2614 62.5287

E 2622 35366 51.3865

E 2622 13555 67.3731

E 2623 5097 143.807

E 2623 49386 75.6837

E 2623 2645 105.054

E 2645 95589 67.6808

E 2645 38054 132.665

E 2645 2623 105.054

E 2645 44337 128.835

E 2646 37568 49.0842

E 2646 2451 41.5664

E 2646 2649 41.6098

E 2646 87056 43.5907

E 2649 8388 77.1033

E 2649 2646 41.6098

